1.50721e-07  -6.16493e-07  1.81961e-06  
1.46553e-06  -5.85393e-06  1.5216e-05  
5.67808e-06  -2.23994e-05  5.47276e-05  
1.47484e-05  -5.75134e-05  0.000136622  
3.04053e-05  -0.000117278  0.000273526  
5.38869e-05  -0.000205007  0.000471283  
8.64668e-05  -0.000324387  0.000736563  
0.000129654  -0.000479146  0.00107486  
0.000184896  -0.000672987  0.00149185  
0.000253506  -0.000909615  0.00199546  
0.000336978  -0.00119249  0.00259111  
0.000436366  -0.00152425  0.00328085  
0.000552952  -0.00190809  0.00406656  
0.00068782  -0.00234626  0.00495131  
0.000842129  -0.00284075  0.00593825  
0.00101679  -0.0033918  0.00702723  
0.00121267  -0.00399995  0.00821865  
0.00143086  -0.0046659  0.00951058  
0.00167222  -0.00538953  0.0109006  
0.00193762  -0.00617105  0.0123879  
0.00222794  -0.0070106  0.0139702  
0.00254442  -0.00790891  0.0156446  
0.00288817  -0.00886674  0.0174086  
0.0032606  -0.00988497  0.01926  
0.0036628  -0.0109638  0.0211941  
0.00409579  -0.0121022  0.0232038  
0.00456057  -0.0132994  0.0252824  
0.00505833  -0.0145548  0.027423  
0.00558991  -0.0158677  0.0296188  
0.00615606  -0.0172368  0.0318637  
0.00675774  -0.0186605  0.03415  
0.00739593  -0.0201368  0.0364694  
0.00807181  -0.0216641  0.0388127  
0.00878605  -0.0232397  0.0411707  
0.00953918  -0.0248601  0.0435359  
0.0103318  -0.0265234  0.0458993  
0.0111645  -0.0282263  0.0482519  
0.0120371  -0.0299648  0.0505868  
0.01295  -0.0317342  0.052896  
0.0139032  -0.0335305  0.0551699  
0.0148969  -0.0353504  0.0573982  
0.0159303  -0.0371905  0.0595741  
0.0170022  -0.0390471  0.0616922  
0.0181113  -0.0409164  0.0637474  
0.0192562  -0.0427946  0.0657345  
0.0204356  -0.0446779  0.0676484  
0.0216481  -0.0465623  0.0694843  
0.0228921  -0.048444  0.0712373  
0.0241663  -0.0503191  0.0729029  
0.025469  -0.0521837  0.0744764  
0.0267988  -0.0540338  0.0759537  
0.0281541  -0.0558656  0.0773305  
0.0295333  -0.0576751  0.0786029  
0.0309348  -0.0594586  0.0797671  
0.0323569  -0.0612121  0.0808195  
0.033798  -0.0629319  0.0817568  
0.0352565  -0.0646143  0.0825759  
0.0367306  -0.0662556  0.0832738  
0.0382187  -0.0678521  0.0838479  
0.0397191  -0.0694004  0.0842958  
0.0412301  -0.0708969  0.0846153  
0.04275  -0.0723384  0.0848046  
0.0442771  -0.0737214  0.0848622  
0.0458098  -0.0750429  0.0847868  
0.0473464  -0.0763006  0.0845794  
0.0488857  -0.0774933  0.0842448  
0.050426  -0.0786193  0.0837859  
0.051966  -0.0796768  0.0832044  
0.0535041  -0.0806636  0.0825017  
0.0550386  -0.0815775  0.0816785  
0.0565683  -0.0824171  0.080737  
0.0580916  -0.0831815  0.0796804  
0.0596073  -0.0838693  0.0785113  
0.0611141  -0.0844799  0.0772336  
0.0626107  -0.0850123  0.0758501  
0.0640958  -0.0854656  0.0743646  
0.0655681  -0.0858397  0.0727823  
0.0670265  -0.0861341  0.0711067  
0.0684696  -0.086348  0.0693412  
0.0698965  -0.0864814  0.0674901  
0.0713059  -0.0865339  0.0655565  
0.0726966  -0.0865047  0.0635431  
0.0740673  -0.0863935  0.0614532  
0.0754171  -0.0862  0.0592907  
0.0767449  -0.0859247  0.0570598  
0.0780497  -0.0855673  0.0547636  
0.0793305  -0.0851283  0.0524062  
0.0805867  -0.0846081  0.049992  
0.0818173  -0.0840073  0.0475244  
0.0830215  -0.0833264  0.0450065  
0.0841988  -0.0825666  0.0424417  
0.0853485  -0.0817287  0.039834  
0.0864702  -0.080814  0.0371867  
0.087563  -0.0798229  0.0345033  
0.0886261  -0.0787562  0.0317873  
0.089659  -0.0776153  0.0290424  
0.0906613  -0.0764012  0.0262725  
0.0916323  -0.0751148  0.0234807  
0.0925716  -0.0737573  0.0206704  
0.0934786  -0.0723297  0.0178452  
0.094353  -0.0708333  0.0150076  
0.0951944  -0.0692697  0.0121609  
0.0960029  -0.0676407  0.00930875  
0.096778  -0.0659483  0.0064543  
0.0975196  -0.0641936  0.00360053  
0.0982273  -0.0623779  0.000750839  
0.0989009  -0.0605025  -0.00209213  
0.0995402  -0.0585688  -0.00492558  
0.100145  -0.0565777  -0.00774588  
0.100714  -0.0545308  -0.0105492  
0.101249  -0.0524297  -0.0133318  
0.101748  -0.0502759  -0.0160901  
0.102212  -0.0480709  -0.018821  
0.10264  -0.0458169  -0.0215207  
0.103033  -0.0435155  -0.0241852  
0.103391  -0.0411688  -0.0268108  
0.103713  -0.0387786  -0.0293937  
0.104  -0.0363465  -0.0319295  
0.104251  -0.033874  -0.0344144  
0.104467  -0.0313629  -0.0368436  
0.104648  -0.0288154  -0.0392137  
0.104794  -0.0262333  -0.0415203  
0.104904  -0.0236188  -0.0437592  
0.104979  -0.0209743  -0.0459269  
0.10502  -0.0183023  -0.0480194  
0.105026  -0.0156052  -0.0500321  
0.104997  -0.012885  -0.0519593  
0.104933  -0.0101442  -0.0537963  
0.104835  -0.00738536  -0.0555386  
0.104702  -0.00461104  -0.0571815  
0.104535  -0.00182357  -0.0587201  
0.104334  0.000974444  -0.0601523  
0.1041  0.00378044  -0.0614751  
0.103832  0.00659178  -0.0626835  
0.10353  0.009406  -0.0637725  
0.103196  0.0122206  -0.0647402  
0.102829  0.0150332  -0.0655844  
0.10243  0.0178409  -0.0663016  
0.101999  0.0206412  -0.0668878  
0.101537  0.023431  -0.0673398  
0.101044  0.0262075  -0.0676544  
0.10052  0.0289675  -0.0678296  
0.099966  0.0317079  -0.0678635  
0.0993827  0.0344261  -0.067756  
0.0987705  0.0371191  -0.0675056  
0.0981298  0.0397841  -0.0671113  
0.0974614  0.0424179  -0.0665726  
0.0967658  0.0450186  -0.0658924  
0.0960436  0.0475838  -0.0650736  
0.0952955  0.0501116  -0.0641201  
0.0945217  0.0525995  -0.063032  
0.0937227  0.0550443  -0.0618092  
0.0928992  0.057444  -0.0604543  
0.0920514  0.0597967  -0.0589705  
0.09118  0.0620999  -0.0573588  
0.0902856  0.0643507  -0.0556207  
0.089369  0.0665467  -0.0537599  
0.088431  0.068686  -0.0517799  
0.0874718  0.0707664  -0.0496816  
0.0864915  0.0727864  -0.0474682  
0.0854906  0.0747444  -0.0451441  
0.0844695  0.0766376  -0.0427098  
0.0834289  0.0784634  -0.0401685  
0.0823691  0.0802203  -0.0375242  
0.0812907  0.0819076  -0.0347825  
0.0801941  0.0835243  -0.0319499  
0.07908  0.0850701  -0.0290337  
0.0779488  0.0865435  -0.0260395  
0.0768012  0.0879435  -0.0229736  
0.0756378  0.0892691  -0.0198423  
0.0744595  0.0905189  -0.0166511  
0.0732669  0.0916923  -0.0134055  
0.0720609  0.0927881  -0.0101112  
0.0708419  0.0938052  -0.00677427  
0.0696107  0.0947431  -0.00340086  
0.0683678  0.095602  1.32132e-06  
0.0671141  0.0963817  0.00342586  
0.0658506  0.0970816  0.00686632  
0.0645781  0.0977014  0.010316  
0.0632973  0.0982412  0.0137686  
0.0620088  0.0987018  0.0172178  
0.0607134  0.0990842  0.020658  
0.0594119  0.0993892  0.0240834  
0.058105  0.0996158  0.0274875  
0.0567934  0.0997644  0.0308644  
0.0554781  0.0998345  0.0342071  
0.0541597  0.0998275  0.0375098  
0.0528387  0.0997456  0.0407668  
0.0515159  0.0995894  0.0439723  
0.0501922  0.0993593  0.0471205  
0.0488685  0.0990565  0.050206  
0.0475455  0.0986833  0.0532253  
0.0462237  0.0982416  0.056176  
0.0449041  0.0977322  0.0590536  
0.0435872  0.0971566  0.0618535  
0.042274  0.0965164  0.0645725  
0.0409656  0.0958133  0.0672071  
0.0396627  0.0950485  0.0697522  
0.0383664  0.0942233  0.0722039  
0.0370771  0.0933403  0.0745618  
0.0357956  0.0924019  0.076825  
0.034523  0.0914097  0.0789905  
0.0332599  0.0903659  0.0810567  
0.0320071  0.0892725  0.083021  
0.0307655  0.0881318  0.0848814  
0.0295358  0.0869458  0.0866369  
0.0283189  0.085717  0.0882859  
0.0271156  0.0844476  0.0898258  
0.0259265  0.0831403  0.0912548  
0.0247525  0.0817972  0.0925727  
0.023594  0.080421  0.0937796  
0.0224517  0.0790142  0.094875  
0.021326  0.0775794  0.0958598  
0.0202175  0.0761189  0.0967349  
0.0191265  0.0746347  0.0975008  
0.0180538  0.0731293  0.0981579  
0.017  0.0716048  0.0987056  
0.0159653  0.0700635  0.0991444  
0.0149502  0.0685076  0.0994773  
0.0139551  0.0669391  0.0997052  
0.0129801  0.0653602  0.0998305  
0.0120253  0.0637728  0.099857  
0.0110912  0.0621789  0.0997854  
0.0101781  0.0605806  0.0996167  
0.00928625  0.0589797  0.0993531  
0.00841624  0.0573781  0.0989953  
0.00756832  0.0557775  0.0985448  
0.00674254  0.0541799  0.0980044  
0.00593903  0.052587  0.0973772  
0.0051579  0.0510003  0.0966667  
0.00439931  0.0494214  0.0958755  
0.00366321  0.0478521  0.0950067  
0.00294947  0.0462937  0.0940639  
0.00225784  0.0447476  0.0930513  
0.0015883  0.0432151  0.091972  
0.000940844  0.0416977  0.0908287  
0.000315325  0.0401969  0.0896247  
-0.000288351  0.0387139  0.0883636  
-0.000870334  0.0372498  0.0870489  
-0.00143085  0.0358055  0.0856844  
-0.00197016  0.0343818  0.084274  
-0.00248874  0.0329795  0.0828221  
-0.00298712  0.0315996  0.081333  
-0.00346587  0.0302422  0.0798115  
-0.00392574  0.0289069  0.0782617  
-0.00436742  0.0275931  0.0766877  
-0.00479115  0.0263013  0.0750924  
-0.00519731  0.0250316  0.0734783  
-0.00558598  0.0237851  0.0718473  
-0.00595737  0.0225621  0.0702025  
-0.00631163  0.0213633  0.068547  
-0.00664888  0.020189  0.0668833  
-0.00696928  0.0190397  0.0652132  
-0.00727283  0.0179161  0.0635386  
-0.00755965  0.0168186  0.0618612  
-0.00782995  0.0157477  0.0601825  
-0.00808401  0.014704  0.0585048  
-0.0083225  0.0136873  0.0568305  
-0.00854575  0.0126978  0.0551617  
-0.00875409  0.0117356  0.0535  
-0.00894783  0.0108007  0.0518474  
-0.00912719  0.00989299  0.0502055  
-0.0092926  0.0090121  0.0485755  
-0.00944441  0.00815741  0.0469584  
-0.009583  0.00732859  0.0453551  
-0.00970858  0.00652583  0.0437667  
-0.00982154  0.00574881  0.042194  
-0.00992246  0.00499679  0.040638  
-0.0100117  0.00426965  0.0391001  
-0.0100896  0.00356751  0.0375815  
-0.0101563  0.00289014  0.0360829  
-0.0102125  0.00223695  0.034605  
-0.0102584  0.00160749  0.0331484  
-0.0102943  0.0010014  0.0317141  
-0.0103209  0.000418012  0.0303022  
-0.0103383  -0.000143159  0.0289134  
-0.0103472  -0.00068283  0.027548  
-0.0103478  -0.00120154  0.0262064  
-0.0103404  -0.00169946  0.0248892  
-0.0103253  -0.00217728  0.0235963  
-0.0103028  -0.00263556  0.022328  
-0.0102731  -0.00307449  0.0210847  
-0.0102363  -0.00349423  0.019867  
-0.0101928  -0.00389502  0.0186756  
-0.010143  -0.00427731  0.0175103  
-0.0100871  -0.00464128  0.0163715  
-0.0100255  -0.00498744  0.0152593  
-0.0099585  -0.00531635  0.0141734  
-0.00988633  -0.0056282  0.0131146  
-0.00980915  -0.00592302  0.0120832  
-0.00972706  -0.00620084  0.0110798  
-0.0096403  -0.00646194  0.0101045  
-0.0095492  -0.00670678  0.00915697  
-0.00945409  -0.00693591  0.00823685  
-0.00935522  -0.00714986  0.00734374  
-0.0092528  -0.00734905  0.00647742  
-0.00914711  -0.00753395  0.00563758  
-0.00903831  -0.00770485  0.0048241  
-0.00892658  -0.00786199  0.00403702  
-0.00881208  -0.00800554  0.00327654  
-0.00869495  -0.00813575  0.00254264  
-0.00857541  -0.00825308  0.00183508  
-0.00845366  -0.00835791  0.00115394  
-0.00832994  -0.00845071  0.000499208  
-0.00820456  -0.00853213  -0.000129848  
-0.00807767  -0.00860249  -0.000733376  
-0.00794943  -0.00866192  -0.00131127  
-0.00781995  -0.00871059  -0.00186341  
-0.00768937  -0.00874883  -0.00239018  
-0.00755791  -0.00877718  -0.00289251  
-0.00742568  -0.00879588  -0.00337082  
-0.00729277  -0.00880536  -0.00382578  
-0.00715928  -0.00880612  -0.00425826  
-0.00702535  -0.00879861  -0.00466895  
-0.00689118  -0.00878325  -0.0050585  
-0.00675692  -0.00876039  -0.00542722  
-0.00662271  -0.00873029  -0.0057752  
-0.0064887  -0.00869335  -0.00610297  
-0.00635507  -0.0086502  -0.0064115  
-0.00622191  -0.0086012  -0.00670132  
-0.00608935  -0.00854661  -0.00697276  
-0.00595745  -0.00848667  -0.0072262  
-0.00582628  -0.00842156  -0.00746198  
-0.00569586  -0.00835146  -0.00768024  
-0.00556633  -0.00827672  -0.00788153  
-0.00543773  -0.00819751  -0.00806647  
-0.00531015  -0.00811405  -0.00823516  
-0.00518365  -0.00802654  -0.00838804  
-0.00505832  -0.00793525  -0.00852582  
-0.00493425  -0.00784044  -0.00864873  
-0.00481153  -0.00774243  -0.00875737  
-0.00469025  -0.00764152  -0.00885227  
-0.00457039  -0.00753798  -0.00893405  
-0.004452  -0.00743206  -0.00900341  
-0.00433516  -0.00732398  -0.00906078  
-0.00421997  -0.00721398  -0.00910661  
-0.00410649  -0.00710224  -0.0091411  
-0.00399478  -0.00698888  -0.00916434  
-0.00388485  -0.00687401  -0.00917651  
-0.00377672  -0.00675774  -0.00917798  
-0.00367044  -0.00664027  -0.00916933  
-0.00356605  -0.00652179  -0.00915086  
-0.00346359  -0.00640247  -0.00912288  
-0.0033631  -0.00628247  -0.00908603  
-0.0032646  -0.00616203  -0.00904117  
-0.0031681  -0.00604138  -0.00898917  
-0.00307364  -0.00592069  -0.00893032  
-0.00298117  -0.00580009  -0.00886501  
-0.00289069  -0.0056797  -0.00879362  
-0.00280216  -0.00555955  -0.00871648  
-0.00271561  -0.00543975  -0.00863381  
-0.00263105  -0.00532048  -0.00854598  
-0.00254849  -0.00520195  -0.00845352  
-0.0024679  -0.00508422  -0.00835678  
-0.00238919  -0.00496722  -0.00825577  
-0.00231235  -0.00485099  -0.00815079  
-0.00223735  -0.00473563  -0.00804229  
-0.00216417  -0.00462123  -0.00793077  
-0.00209278  -0.00450791  -0.00781657  
-0.00202319  -0.00439583  -0.00769995  
-0.00195535  -0.00428507  -0.00758113  
-0.00188925  -0.00417569  -0.00746029  
-0.00182483  -0.00406771  -0.00733759  
-0.00176205  -0.00396117  -0.00721318  
-0.00170091  -0.00385612  -0.00708726  
-0.00164137  -0.00375265  -0.00696015  
-0.00158348  -0.00365086  -0.00683207  
-0.0015272  -0.00355077  -0.00670317  
-0.00147247  -0.00345231  -0.00657349  
-0.00141928  -0.0033555  -0.0064433  
-0.00136757  -0.00326038  -0.00631286  
-0.00131731  -0.00316698  -0.00618236  
-0.00126845  -0.00307527  -0.00605196  
-0.001221  -0.0029853  -0.00592194  
-0.00117493  -0.00289705  -0.00579246  
-0.00113025  -0.00281052  -0.00566357  
-0.00108693  -0.0027257  -0.00553532  
-0.00104498  -0.0026426  -0.00540781  
-0.00100437  -0.00256121  -0.00528129  
-0.000965062  -0.00248153  -0.00515591  
-0.000926975  -0.00240342  -0.00503151  
-0.000890091  -0.00232685  -0.00490804  
-0.000854378  -0.00225182  -0.00478562  
-0.000819824  -0.00217834  -0.00466438  
-0.000786415  -0.00210644  -0.00454446  
-0.000754113  -0.00203616  -0.00442598  
-0.000722864  -0.00196741  -0.00430878  
-0.000692646  -0.00190017  -0.0041928  
-0.000663442  -0.00183442  -0.00407819  
-0.000635239  -0.00177022  -0.0039651  
-0.000608024  -0.00170755  -0.00385355  
-0.000581778  -0.00164645  -0.00374361  
-0.000556465  -0.00158687  -0.00363522  
-0.000532057  -0.00152883  -0.0035284  
-0.000508559  -0.00147235  -0.00342322  
-0.000485965  -0.00141746  -0.00331977  
-0.000464273  -0.0013642  -0.0032182  
-0.000443446  -0.00131253  -0.00311849  
-0.000423455  -0.00126243  -0.0030207  
-0.000404292  -0.00121391  -0.00292486  
-0.000385931  -0.00116693  -0.00283101  
-0.000368352  -0.00112149  -0.00273919  
-0.000351513  -0.00107752  -0.00264942  
-0.000335338  -0.00103488  -0.00256144  
-0.0003198  -0.000993511  -0.00247516  
-0.00030488  -0.000953371  -0.00239053  
-0.000290559  -0.000914463  -0.00230759  
-0.000276816  -0.000876762  -0.00222631  
-0.000263622  -0.00084023  -0.00214671  
-0.000250945  -0.000804835  -0.00206879  
-0.00023877  -0.000770548  -0.00199258  
-0.000227088  -0.000737355  -0.00191811  
-0.000215896  -0.000705263  -0.00184543  
-0.000205174  -0.000674253  -0.00177454  
-0.000194904  -0.000644334  -0.00170556  
-0.000185082  -0.000615509  -0.00163851  
-0.000175703  -0.000587778  -0.00157346  
-0.000166749  -0.000561099  -0.00151031  
-0.000158185  -0.000535386  -0.00144891  
-0.000149989  -0.000510591  -0.0013892  
-0.000142147  -0.000486692  -0.00133116  
-0.00013464  -0.000463666  -0.00127477  
-0.000127461  -0.000441507  -0.00122004  
-0.000120603  -0.000420193  -0.00116696  
-0.000114054  -0.000399702  -0.00111553  
-0.000107796  -0.000379993  -0.0010657  
-0.000101825  -0.000361059  -0.00101747  
-9.6139e-05  -0.000342903  -0.000970858  
-9.0728e-05  -0.000325511  -0.000925806  
-8.5579e-05  -0.000308856  -0.00088231  
-8.06676e-05  -0.000292873  -0.000840292  
-7.5986e-05  -0.000277538  -0.000799719  
-7.15234e-05  -0.000262809  -0.000760471  
-6.72726e-05  -0.000248659  -0.000722474  
-6.3228e-05  -0.000235086  -0.000685738  
-5.93791e-05  -0.000222075  -0.000650267  
-5.57212e-05  -0.000209618  -0.000616072  
-5.22479e-05  -0.000197704  -0.00058315  
-4.89507e-05  -0.000186315  -0.000551487  
-4.58272e-05  -0.000175449  -0.000521081  
-4.28664e-05  -0.000165077  -0.000491867  
-4.0063e-05  -0.000155186  -0.000463823  
-3.74078e-05  -0.000145751  -0.000436915  
-3.48907e-05  -0.000136757  -0.000411132  
-3.25056e-05  -0.000128188  -0.000386452  
-3.02508e-05  -0.00012004  -0.000362872  
-2.81226e-05  -0.000112302  -0.000340367  
-2.61172e-05  -0.000104962  -0.000318909  
-2.42354e-05  -9.80221e-05  -0.000298507  
-2.24763e-05  -9.14837e-05  -0.000279165  
-2.08325e-05  -8.53278e-05  -0.000260836  
-1.92904e-05  -7.95098e-05  -0.000243407  
-1.78393e-05  -7.40043e-05  -0.000226841  
-1.64724e-05  -6.87866e-05  -0.00021109  
-1.51816e-05  -6.38246e-05  -0.000196083  
-1.39634e-05  -5.91018e-05  -0.000181782  
-1.28137e-05  -5.4607e-05  -0.000168153  
-1.17303e-05  -5.03337e-05  -0.000155182  
-1.07136e-05  -4.62838e-05  -0.000142872  
-9.76357e-06  -4.24577e-05  -0.000131226  
-8.87845e-06  -3.8851e-05  -0.000120233  
-8.05241e-06  -3.54507e-05  -0.000109857  
-7.28456e-06  -3.2255e-05  -0.000100093  
-6.57164e-06  -2.92599e-05  -9.09299e-05  
-5.91002e-06  -2.64607e-05  -8.23547e-05  
-5.29995e-06  -2.38586e-05  -7.43709e-05  
-4.74177e-06  -2.1455e-05  -6.69828e-05  
-4.23444e-06  -1.92454e-05  -6.01771e-05  
-3.7703e-06  -1.71981e-05  -5.38548e-05  
-3.34351e-06  -1.52979e-05  -4.79748e-05  
-2.95121e-06  -1.35382e-05  -4.25191e-05  
-2.58929e-06  -1.19075e-05  -3.74545e-05  
-2.25735e-06  -1.04049e-05  -3.27783e-05  
-1.95371e-06  -9.0253e-06  -2.84764e-05  
-1.67491e-06  -7.75537e-06  -2.45112e-05  
-1.42027e-06  -6.59229e-06  -2.08741e-05  
-1.18833e-06  -5.53077e-06  -1.75499e-05  
-9.786e-07  -4.56909e-06  -1.45336e-05  
-7.91169e-07  -3.70768e-06  -1.18266e-05  
-6.26141e-07  -2.947e-06  -9.43036e-06  
-4.83583e-07  -2.28739e-06  -7.3459e-06  
-3.63575e-07  -1.72919e-06  -5.57439e-06  
-2.6584e-07  -1.27138e-06  -4.11348e-06  
-1.89267e-07  -9.09504e-07  -2.95173e-06  
-1.30252e-07  -6.28011e-07  -2.04352e-06  
-8.67065e-08  -4.1793e-07  -1.36186e-06  
-5.26879e-08  -2.5357e-07  -8.27797e-07  
-2.73496e-08  -1.31235e-07  -4.29953e-07  
-1.0704e-08  -5.09839e-08  -1.68521e-07  
-2.76071e-09  -1.28633e-08  -4.36499e-08  
-1.05299e-09  -4.89111e-09  -1.66588e-08  
-2.00849e-10  -9.32935e-10  -3.17752e-09  
0  0  0  
0  0  0  
0  0  0  
0  0  0  
0  0  0  
0  0  0  
0  0  0  
0  0  0  
0  0  0  
0  0  0  
0  0  0  
0  0  0  
0  0  0  
0  0  0  
0  0  0  
0  0  0  
0  0  0  
0  0  0  
0  0  0  
0  0  0  
0  0  0  
0  0  0  
0  0  0  
0  0  0  
0  0  0  
0  0  0  
0  0  0  
0  0  0  
0  0  0  
0  0  0  
0  0  0  
0  0  0  
0  0  0  
0  0  0  
0  0  0  
0  0  0  
0  0  0  
0  0  0  
0  0  0  
0  0  0  
0  0  0  
0  0  0  
0  0  0  
0  0  0  
0  0  0  
0  0  0  
0  0  0  
0  0  0  
0  0  0  
0  0  0  
0  0  0  
0  0  0  
0  0  0  
0  0  0  
0  0  0  
0  0  0  
0  0  0  
0  0  0  
0  0  0  
0  0  0  
0  0  0  
0  0  0  
0  0  0  
0  0  0  
0  0  0  
0  0  0  
0  0  0  
